0001 1 1
0002 1 0
0003 2 0
0004 1 2
0005 1 1
0006 1 3
0007 2 1
0008 1 4
0009 1 1
0010 0 1
0011 1 2
0012 0 2
0013 2 3
0014 1 1
0015 1 3
0016 1 3
0017 2 1
0018 1 1
0019 1 3
0020 1 1
0021 1 2
0022 1 0
0023 1 3
0024 1 2
0025 1 2
0026 2 2
0027 1 2
0028 1 2
0029 2 2
0030 1 2
0031 2 1
0032 1 0
0033 2 1
0034 1 2
0035 1 3
0036 1 2
0037 1 2
0038 1 1
0039 1 3
0040 2 2
0041 1 3
0042 1 1
0043 1 2
0044 1 1
0045 2 2
0046 2 1
0047 1 1
0048 1 1
0049 0 3
0050 1 2
0051 2 0
0052 1 2
0053 1 1
0054 1 3
0055 1 2
0056 2 2
0057 1 2
0058 1 2
0059 2 3
0060 1 2
0061 1 1
0062 1 1
0063 2 2
0064 1 1
0065 2 2
0066 1 1
0067 1 1
0068 1 3
0069 1 1
0070 2 2
0071 2 2
0072 1 2
0073 1 2
0074 1 2
0075 1 1
0076 2 2
0077 2 2
0078 1 2
0079 1 2
0080 1 3
0081 2 1
0082 1 3
0083 2 2
0084 2 1
0085 2 1
0086 1 0
0087 1 2
0088 1 2
0089 1 1
0090 1 2
0091 0 2
0092 1 2
0093 1 1
0094 1 1
0095 1 2
0096 1 1
0097 1 1
0098 1 1
0099 1 1
0100 0 2
0101 2 1
0102 1 3
0103 1 0
0104 2 1
0105 1 1
0106 1 2
0107 2 2
0108 1 1
0109 1 0
0110 1 1
0111 1 3
0112 1 1
0113 1 2
0114 1 2
0115 2 3
0116 1 1
0117 1 1
0118 1 0
0119 2 1
0120 1 3
0121 2 2
0122 1 1
0123 1 2
0124 1 1
0125 2 0
0126 2 1
0127 1 1
0128 1 2
0129 1 2
0130 1 3
0131 2 1
0132 1 3
0133 1 2
0134 2 2
0135 0 1
0136 1 3
0137 2 1
0138 1 1
0139 1 3
0140 2 0
0141 2 1
0142 1 2
0143 2 2
0144 1 1
0145 1 2
0146 1 0
0147 1 2
0148 2 2
0149 1 2
0150 1 2
0151 1 2
0152 1 0
0153 2 2
0154 1 2
0155 1 2
0156 1 2
0157 1 2
0158 1 2
0159 2 2
0160 2 1
0161 1 2
0162 1 2
0163 1 2
0164 1 4
0165 1 2
0166 1 2
0167 1 2
0168 1 1
0169 1 3
0170 1 3
0171 1 0
0172 1 0
0173 1 0
0174 1 1
0175 2 1
0176 1 1
0177 1 2
0178 1 4
0179 1 1
0180 2 3
0181 1 3
0182 2 0
0183 1 3
0184 1 1
0185 1 2
0186 1 1
0187 1 2
0188 1 1
0189 1 2
0190 1 3
0191 2 2
0192 1 3
0193 1 3
0194 1 0
0195 1 0
0196 1 1
0197 1 2
0198 1 2
0199 1 3
0200 1 2
0201 1 2
0202 0 2
0203 0 0
0204 1 0
0205 1 1
0206 1 1
0207 1 2
0208 0 0
0209 1 2
0210 2 1
0211 1 2
0212 1 3
0213 1 1
0214 1 1
0215 2 1
0216 1 1
0217 2 1
0218 1 2
0219 1 2
0220 1 0
0221 1 1
0222 1 2
0223 1 2
0224 2 1
0225 1 0
0226 1 2
0227 2 3
0228 1 2
0229 1 2
0230 1 1
0231 1 2
0232 1 1
0233 1 2
0234 0 1
0235 1 2
0236 1 2
0237 1 2
0238 2 2
0239 2 0
0240 2 1
0241 1 2
0242 1 3
0243 1 1
0244 1 1
0245 1 3
0246 1 2
0247 2 1
0248 2 1
0249 1 2
0250 1 2
0251 2 3
0252 2 1
0253 2 0
0254 1 2
0255 0 3
0256 2 0
0257 2 3
0258 1 2
0259 0 2
0260 1 1
0261 1 2
0262 1 2
0263 1 2
0264 1 3
0265 0 2
0266 1 2
0267 2 0
0268 2 2
0269 1 2
0270 1 1
0271 0 0
0272 2 2
0273 1 1
0274 1 3
0275 1 2
0276 2 1
0277 1 1
0278 1 2
0279 2 1
0280 1 3
0281 2 2
0282 1 2
0283 1 2
0284 1 2
0285 1 1
0286 1 1
0287 1 1
0288 1 2
0289 2 1
0290 1 2
0291 1 2
0292 1 0
0293 1 2
0294 1 3
0295 1 1
0296 1 3
0297 1 3
0298 1 3
0299 1 3
0300 1 2
0301 1 2
0302 1 3
0303 1 1
0304 2 1
0305 1 1
0306 1 2
0307 1 1
0308 1 2
0309 2 1
0310 2 2
0311 1 3
0312 1 1
0313 1 2
0314 1 2
0315 1 2
0316 1 1
0317 0 2
0318 2 2
0319 1 1
0320 1 3
0321 2 2
0322 1 2
0323 1 2
0324 1 1
0325 2 3
0326 1 1
0327 0 2
0328 1 1
0329 1 3
0330 1 3
0331 1 2
0332 2 0
0333 1 2
0334 1 3
0335 1 2
0336 2 2
0337 1 2
0338 1 3
0339 1 3
0340 2 2
0341 1 2
0342 1 3
0343 1 3
0344 2 2
0345 1 1
0346 1 4
0347 2 2
0348 0 2
0349 1 3
0350 2 3
0351 2 0
0352 0 1
0353 1 2
0354 1 3
0355 2 0
0356 1 0
0357 1 1
0358 1 2
0359 2 2
0360 1 3
0361 2 0
0362 1 2
0363 1 1
0364 1 2
0365 1 1
0366 1 2
0367 2 2
0368 1 2
0369 1 0
0370 1 2
0371 1 2
0372 2 2
0373 0 2
0374 1 2
0375 1 2
0376 1 2
0377 1 1
0378 2 2
0379 2 2
0380 1 2
0381 1 2
0382 1 1
0383 2 3
0384 1 3
0385 1 2
0386 1 1
0387 1 2
0388 1 2
0389 1 4
0390 1 0
0391 1 2
0392 1 1
0393 2 2
0394 1 1
0395 1 1
0396 1 0
0397 1 1
0398 2 3
0399 1 1
0400 1 2
0401 1 0
0402 2 1
0403 1 2
0404 2 3
0405 0 2
0406 1 1
0407 2 0
0408 0 0
0409 0 2
0410 1 2
0411 1 2
0412 2 2
0413 1 2
0414 0 1
0415 1 2
0416 1 1
0417 1 0
0418 1 2
0419 1 2
0420 1 0
0421 1 3
0422 1 0
0423 1 1
0424 0 1
0425 1 2
0426 1 2
0427 1 2
0428 2 3
0429 1 0
0430 1 1
0431 1 2
0432 1 1
0433 1 2
0434 1 2
0435 1 2
0436 1 3
0437 2 3
0438 2 0
0439 1 2
0440 1 3
0441 2 2
0442 0 2
0443 1 2
0444 1 1
0445 1 2
0446 1 3
0447 1 2
0448 1 1
0449 1 2
0450 1 1
0451 1 3
0452 1 2
0453 1 2
0454 1 1
0455 1 2
0456 1 1
0457 1 3
0458 1 2
0459 1 2
0460 2 0
0461 1 2
0462 1 2
0463 1 1
0464 1 1
0465 1 0
0466 0 1
0467 2 2
0468 1 0
0469 2 2
0470 1 2
0471 1 2
0472 1 3
0473 2 0
0474 1 2
0475 1 1
0476 2 0
0477 2 2
0478 1 0
0479 1 3
0480 1 4
0481 1 2
0482 1 3
0483 2 2
0484 1 1
0485 1 2
0486 1 3
0487 1 1
0488 1 3
0489 1 0
0490 1 2
0491 2 2
0492 1 2
0493 1 3
0494 1 2
0495 1 2
0496 1 2
0497 2 2
0498 1 2
0499 1 2
0500 1 2
0501 1 2
0502 1 1
0503 1 1
0504 1 2
0505 2 1
0506 1 2
0507 1 2
0508 1 2
0509 1 1
0510 1 2
0511 2 2
0512 0 2
0513 1 2
0514 1 2
0515 1 2
0516 1 2
0517 1 2
0518 2 3
0519 2 0
0520 1 2
0521 1 1
0522 2 2
0523 1 2
0524 0 0
0525 1 2
0526 2 2
0527 1 0
0528 1 1
0529 1 1
0530 1 1
0531 1 1
0532 3 0
0533 1 3
0534 1 3
0535 1 1
0536 1 1
0537 1 0
0538 1 1
0539 2 3
0540 2 2
0541 1 3
0542 1 2
0543 1 2
0544 1 2
0545 1 2
0546 2 1
0547 1 3
0548 2 1
0549 1 1
0550 1 2
0551 1 3
0552 1 1
0553 1 2
0554 0 2
0555 1 2
0556 1 2
0557 2 1
0558 2 2
0559 1 1
0560 1 2
0561 1 2
0562 1 1
0563 0 0
0564 1 3
0565 2 1
0566 1 2
0567 1 2
0568 1 1
0569 1 1
0570 1 2
0571 1 1
0572 1 1
0573 1 1
0574 1 2
0575 1 2
0576 1 1
0577 2 4
0578 1 2
0579 1 2
0580 1 2
0581 2 1
0582 2 0
0583 2 0
0584 2 2
0585 1 1
0586 1 2
0587 1 1
0588 0 4
0589 1 1
0590 1 2
0591 1 4
0592 1 1
0593 1 2
0594 1 2
0595 1 1
0596 2 2
0597 2 2
0598 1 2
0599 1 1
0600 2 3
0601 2 2
0602 1 3
0603 2 2
0604 1 2
0605 1 0
0606 1 3
0607 1 2
0608 1 1
0609 1 1
0610 1 2
0611 1 2
0612 1 2
0613 1 2
0614 1 2
0615 1 1
0616 1 2
0617 1 3
0618 2 2
0619 1 1
0620 1 2
0621 1 1
0622 2 1
0623 1 2
0624 1 2
0625 1 1
0626 1 1
0627 1 2
0628 1 2
0629 2 0
0630 1 2
0631 1 3
0632 1 1
0633 1 1
0634 1 3
0635 1 2
0636 2 2
0637 2 1
0638 2 3
0639 2 2
0640 1 2
0641 1 2
0642 1 2
0643 1 2
0644 1 3
0645 1 2
0646 1 2
0647 1 3
0648 1 3
0649 1 2
0650 1 2
0651 1 2
0652 1 4
0653 1 3
0654 0 1
0655 1 2
0656 2 2
0657 1 3
0658 1 3
0659 1 2
0660 2 3
0661 1 1
0662 1 2
0663 1 1
0664 1 1
0665 0 3
0666 1 3
0667 2 2
0668 2 1
0669 1 1
0670 2 0
0671 1 3
0672 0 2
0673 1 0
0674 1 1
0675 1 2
0676 1 2
0677 1 2
0678 2 1
0679 2 3
0680 1 1
0681 2 0
0682 1 3
0683 1 2
0684 2 1
0685 1 2
0686 1 2
0687 1 2
0688 1 0
0689 2 2
0690 2 3
0691 1 3
0692 2 2
0693 1 0
0694 2 2
0695 2 0
0696 2 2
0697 1 3
0698 2 3
0699 1 1
0700 1 2
0701 1 2
0702 1 2
0703 1 0
0704 2 1
0705 1 2
0706 1 2
0707 1 3
0708 1 2
0709 1 2
0710 1 1
0711 1 1
0712 0 3
0713 0 1
0714 1 3
0715 1 2
0716 2 3
0717 1 1
0718 2 2
0719 2 1
0720 1 2
0721 0 1
0722 1 2
0723 2 3
0724 1 0
0725 1 2
0726 2 3
0727 1 1
0728 1 2
0729 1 3
0730 1 2
0731 2 1
0732 1 2
0733 1 2
0734 2 3
0735 1 2
0736 1 1
0737 2 2
0738 1 2
0739 1 3
0740 1 2
0741 2 1
0742 1 1
0743 1 2
0744 0 2
0745 1 1
0746 1 2
0747 2 2
0748 1 0
0749 1 1
0750 1 3
0751 1 1
0752 1 2
0753 1 1
0754 2 3
0755 1 2
0756 1 2
0757 1 2
0758 1 1
0759 1 2
0760 2 2
0761 1 2
0762 1 3
0763 2 2
0764 1 2
0765 1 2
0766 1 3
0767 0 2
0768 2 3
0769 1 2
0770 2 1
0771 1 2
0772 2 2
0773 2 2
0774 1 2
0775 1 2
0776 1 1
0777 2 1
0778 1 2
0779 0 2
0780 1 2
0781 1 2
0782 2 2
0783 1 2
0784 1 3
0785 1 2
0786 1 1
0787 0 3
0788 1 2
0789 1 2
0790 1 1
0791 1 1
0792 1 2
0793 1 2
0794 1 2
0795 0 1
0796 1 2
0797 1 0
0798 1 1
0799 1 2
0800 1 1
0801 1 1
0802 1 2
0803 1 1
0804 1 1
0805 1 3
0806 1 1
0807 2 0
0808 0 1
0809 1 2
0810 1 2
0811 1 1
0812 1 3
0813 1 1
0814 1 2
0815 1 3
0816 2 3
0817 1 2
0818 1 2
0819 1 2
0820 2 0
0821 1 1
0822 1 3
0823 1 2
0824 1 2
0825 1 2
0826 1 2
0827 1 3
0828 2 2
0829 1 2
0830 1 2
0831 1 3
0832 2 1
0833 1 2
0834 1 2
0835 0 2
0836 1 2
0837 1 3
0838 1 1
0839 1 2
0840 2 2
0841 1 2
0842 2 3
0843 1 2
0844 1 2
0845 1 1
0846 1 2
0847 1 2
0848 1 2
0849 1 2
0850 1 2
0851 1 1
0852 1 1
0853 1 2
0854 1 1
0855 1 2
0856 1 0
0857 1 2
0858 1 0
0859 1 3
0860 1 2
0861 2 0
0862 1 1
0863 1 2
0864 1 3
0865 1 2
0866 1 0
0867 2 1
0868 1 2
0869 1 1
0870 1 2
0871 1 1
0872 2 1
0873 2 1
0874 1 2
0875 1 3
0876 1 2
0877 2 3
0878 2 1
0879 1 2
0880 1 1
0881 0 2
0882 2 2
0883 1 1
0884 1 3
0885 1 2
0886 1 1
0887 1 1
0888 1 1
0889 1 1
0890 0 2
0891 1 0
0892 1 2
0893 0 2
0894 1 1
0895 2 2
0896 2 1
0897 1 1
0898 1 3
0899 1 1
0900 1 1
0901 2 0
0902 2 2
0903 1 2
0904 1 2
0905 1 2
0906 1 2
0907 2 2
0908 1 1
0909 1 2
0910 1 1
0911 2 3
0912 1 1
0913 1 3
0914 1 4
0915 1 3
0916 1 3
0917 1 3
0918 1 1
0919 1 2
0920 1 1
0921 1 0
0922 2 2
0923 1 1
0924 2 3
0925 1 2
0926 1 1
0927 2 2
0928 1 2
0929 1 3
0930 2 2
0931 1 1
0932 2 0
0933 1 1
0934 1 1
0935 1 1
0936 0 2
0937 1 2
0938 2 2
0939 1 1
0940 1 1
0941 1 2
0942 2 1
0943 1 2
0944 0 3
0945 2 2
0946 0 0
0947 1 2
0948 0 1
0949 1 1
0950 0 2
0951 1 2
0952 1 1
0953 1 1
0954 1 2
0955 1 2
0956 2 2
0957 2 2
0958 1 2
0959 2 1
0960 0 0
0961 2 0
0962 1 2
0963 2 1
0964 1 1
0965 2 0
0966 1 2
0967 1 3
0968 2 2
0969 1 1
0970 2 2
0971 1 2
0972 2 2
0973 1 3
0974 2 1
0975 1 2
0976 1 1
0977 1 1
0978 2 2
0979 1 2
0980 1 1
0981 1 1
0982 1 0
0983 1 1
0984 1 2
0985 1 2
0986 2 1
0987 1 2
0988 1 2
0989 2 1
0990 2 2
0991 1 1
0992 1 1
0993 1 2
0994 1 2
0995 1 1
0996 1 1
0997 1 2
0998 1 2
0999 1 2
1000 1 1
1001 1 2
1002 2 1
1003 2 1
1004 2 1
1005 1 2
1006 1 2
1007 1 1
1008 1 1
1009 1 1
1010 1 3
1011 1 3
1012 1 0
1013 1 0
1014 1 1
1015 2 1
1016 1 3
1017 0 2
1018 2 3
1019 1 2
1020 2 0
1021 1 2
1022 1 0
1023 1 3
1024 2 1
1025 2 2
1026 1 3
1027 1 3
1028 1 1
1029 2 1
1030 2 3
1031 1 1
1032 1 2
1033 1 3
1034 1 1
1035 1 3
1036 1 1
1037 2 2
1038 2 2
1039 1 2
1040 1 2
1041 2 1
1042 1 3
1043 1 1
1044 1 3
1045 1 1
1046 1 1
1047 2 2
1048 1 1
1049 2 2
1050 1 2
1051 1 1
1052 1 2
1053 1 2
1054 2 1
1055 1 2
1056 0 2
1057 1 3
1058 1 1
1059 1 2
1060 1 1
1061 2 2
1062 1 1
1063 0 2
1064 0 3
1065 1 1
1066 1 2
1067 2 0
1068 1 3
1069 1 2
1070 2 2
1071 1 2
1072 0 0
1073 1 1
1074 1 2
1075 1 3
1076 0 2
1077 1 1
1078 1 2
1079 1 2
1080 1 3
1081 1 1
1082 1 1
1083 2 1
1084 1 2
1085 1 2
1086 1 3
1087 1 2
1088 1 1
1089 2 1
1090 1 2
1091 1 2
1092 1 3
1093 1 1
1094 2 3
1095 1 1
1096 1 3
1097 2 1
1098 1 0
1099 1 2
1100 1 3
1101 2 2
1102 2 1
1103 1 1
1104 1 3
1105 1 0
1106 1 3
1107 1 1
1108 2 2
1109 1 0
1110 1 0
1111 1 2
1112 2 1
1113 1 2
1114 1 1
1115 1 3
1116 2 2
1117 1 1
1118 1 0
1119 1 2
1120 1 1
1121 1 1
1122 1 3
1123 1 1
1124 1 2
1125 1 1
1126 1 2
1127 1 2
1128 2 1
1129 2 2
1130 1 2
1131 1 2
1132 1 2
1133 1 3
1134 1 2
1135 1 0
1136 1 1
1137 1 2
1138 1 2
1139 2 2
1140 1 1
1141 1 2
1142 1 2
1143 1 1
1144 1 2
1145 1 0
1146 1 2
1147 1 1
1148 2 1
1149 1 3
1150 1 2
1151 0 0
1152 1 3
1153 1 3
1154 1 2
1155 1 1
1156 1 3
1157 1 1
1158 1 3
1159 1 1
1160 1 2
1161 1 3
1162 1 0
1163 2 2
1164 1 2
1165 1 1
1166 1 3
1167 1 2
1168 1 2
1169 1 2
1170 2 2
1171 1 2
1172 1 1
1173 2 2
1174 1 2
1175 1 2
1176 1 2
1177 2 0
1178 2 1
1179 1 2
1180 1 2
1181 2 1
1182 1 2
1183 1 3
1184 2 2
1185 2 1
1186 1 2
1187 1 2
1188 1 1
1189 1 1
1190 2 2
1191 1 1
1192 2 1
1193 2 3
1194 1 1
1195 1 1
1196 0 2
1197 0 1
1198 2 2
1199 1 2
1200 1 2
1201 0 3
1202 1 1
1203 2 1
1204 0 1
1205 1 1
1206 1 2
1207 1 3
1208 1 2
1209 1 2
1210 1 2
1211 1 1
1212 1 1
1213 2 1
1214 1 3
1215 2 2
1216 1 2
1217 2 2
1218 1 2
1219 1 2
1220 1 2
1221 1 2
1222 1 1
1223 2 2
1224 1 2
1225 3 0
1226 1 1
1227 1 1
1228 1 3
1229 1 2
1230 1 2
1231 1 1
1232 2 2
1233 1 2
1234 1 1
1235 1 3
1236 2 1
1237 1 1
1238 1 2
1239 1 1
1240 1 2
1241 1 0
1242 2 0
1243 1 1
1244 1 1
1245 2 3
1246 2 2
1247 1 2
1248 1 2
1249 1 2
1250 1 3
1251 2 2
1252 1 1
1253 2 1
1254 1 0
1255 1 0
1256 1 1
1257 0 2
1258 1 3
1259 1 3
1260 1 3
1261 1 2
1262 3 2
1263 1 2
1264 2 3
1265 1 3
1266 1 2
1267 2 1
1268 1 2
1269 1 3
1270 1 2
1271 1 2
1272 1 2
1273 1 1
1274 1 2
1275 1 3
1276 1 3
1277 1 2
1278 2 0
1279 1 2
1280 1 2
1281 1 1
1282 1 2
1283 1 2
1284 1 3
1285 1 1
1286 1 3
1287 1 1
1288 1 3
1289 1 1
1290 1 1
1291 1 2
1292 1 2
1293 1 1
1294 1 2
1295 2 1
1296 1 1
1297 1 2
1298 1 2
1299 0 2
1300 1 3
1301 2 3
1302 1 2
1303 1 2
1304 1 2
1305 0 2
1306 1 2
1307 2 1
1308 1 3
1309 1 1
1310 2 2
1311 1 1
1312 2 2
1313 1 2
1314 2 1
1315 0 3
1316 0 2
1317 1 2
1318 1 2
1319 1 3
1320 1 2
1321 1 2
1322 1 3
1323 2 1
1324 1 3
1325 1 2
1326 1 2
1327 1 3
1328 1 3
1329 1 2
1330 2 3
1331 2 2
1332 1 1
1333 1 3
1334 1 1
1335 1 3
1336 1 0
1337 2 1
1338 1 3
1339 2 1
1340 1 2
1341 1 3
1342 1 2
1343 1 2
1344 1 1
1345 2 2
1346 1 2
1347 0 2
1348 1 2
1349 1 2
1350 1 2
1351 2 1
1352 1 2
1353 1 1
1354 0 1
1355 1 2
1356 1 2
1357 2 1
1358 1 2
1359 2 1
1360 1 3
1361 1 1
1362 1 2
1363 1 2
1364 1 1
1365 1 3
1366 1 3
1367 2 2
1368 1 3
1369 1 3
1370 2 2
1371 1 2
1372 2 2
1373 1 2
1374 1 3
1375 2 1
1376 2 1
1377 2 2
1378 1 2
1379 1 3
1380 2 2
1381 1 1
1382 1 2
1383 1 2
1384 2 4
1385 2 1
1386 2 0
1387 1 1
1388 2 1
1389 1 2
1390 1 2
1391 2 2
1392 2 1
1393 1 2
1394 1 2
1395 2 1
1396 1 3
1397 1 3
1398 2 2
1399 1 2
1400 1 2
1401 1 0
1402 1 3
1403 1 0
1404 1 1
1405 1 3
1406 1 2
1407 1 1
1408 1 2
1409 1 3
1410 1 2
1411 1 3
1412 2 2
1413 1 1
1414 1 3
1415 1 2
1416 1 1
1417 1 1
1418 1 2
1419 2 0
1420 1 2
1421 1 3
1422 1 1
1423 1 0
1424 1 1
1425 1 1
1426 1 2
1427 1 2
1428 2 2
1429 2 1
1430 1 2
1431 1 2
1432 2 2
1433 1 2
1434 1 1
1435 1 3
1436 1 2
1437 1 2
1438 1 1
1439 2 1
1440 1 2
1441 1 3
1442 1 1
1443 2 2
1444 1 2
1445 0 2
1446 1 3
1447 1 2
1448 1 1
1449 0 2
1450 1 2
1451 0 2
1452 1 0
1453 1 2
1454 1 2
1455 1 2
1456 1 2
1457 1 2
1458 1 3
1459 2 1
1460 1 1
1461 1 2
1462 1 2
1463 2 2
1464 2 1
1465 1 2
1466 2 2
1467 1 2
1468 1 1
1469 1 2
1470 1 2
1471 1 2
1472 1 1
1473 2 2
1474 2 4
1475 1 2
1476 2 3
1477 1 1
1478 1 1
1479 0 3
1480 1 1
1481 1 2
1482 2 3
1483 1 2
1484 1 3
1485 3 0
1486 2 2
1487 0 1
1488 1 0
1489 2 1
1490 1 2
1491 1 2
1492 1 0
1493 1 2
1494 1 1
1495 1 2
1496 1 1
1497 2 1
1498 2 2
1499 1 0
1500 1 2
1501 1 3
1502 2 1
1503 2 1
1504 1 2
1505 1 3
1506 1 0
1507 1 3
1508 1 1
1509 2 0
1510 2 0
1511 1 2
1512 1 2
1513 1 0
1514 1 1
1515 1 2
1516 1 1
1517 1 2
1518 1 2
1519 1 3
1520 2 1
1521 1 2
1522 2 1
1523 1 2
1524 1 2
1525 1 1
1526 2 2
1527 1 2
1528 2 3
1529 1 2
1530 1 1
1531 2 2
1532 2 3
1533 1 2
1534 1 3
1535 2 4
1536 1 2
1537 1 2
1538 1 2
1539 1 1
1540 1 3
1541 1 1
1542 2 1
1543 1 2
1544 1 3
1545 1 3
1546 1 2
1547 1 1
1548 2 1
1549 1 1
1550 1 3
1551 2 1
1552 2 2
1553 1 2
1554 1 1
1555 1 2
1556 1 2
1557 1 1
1558 2 1
1559 2 1
1560 1 3
1561 1 2
1562 1 1
1563 1 2
1564 1 1
1565 1 2
1566 1 2
1567 1 2
1568 1 1
1569 2 2
1570 2 2
1571 1 3
1572 1 2
1573 1 2
1574 1 1
1575 2 1
1576 1 1
1577 2 2
1578 1 1
1579 2 3
1580 1 3
1581 1 1
1582 1 3
1583 2 1
1584 1 2
1585 0 1
1586 1 2
1587 1 2
1588 1 2
1589 1 3
1590 2 3
1591 1 1
1592 1 3
1593 1 3
1594 1 0
1595 2 2
1596 1 3
1597 1 1
1598 0 1
1599 2 1
1600 2 0
1601 1 2
1602 0 0
1603 2 1
1604 1 3
1605 2 3
1606 1 3
1607 2 1
1608 1 2
1609 1 2
1610 0 2
1611 1 0
1612 2 3
1613 1 2
1614 2 2
1615 2 2
1616 1 2
1617 1 1
1618 2 0
1619 1 2
1620 2 2
1621 1 3
1622 1 1
1623 1 1
1624 2 1
1625 1 3
1626 1 3
1627 2 0
1628 1 1
1629 1 4
1630 1 3
1631 1 2
1632 1 2
1633 1 3
1634 1 2
1635 2 0
1636 1 1
1637 2 2
1638 1 1
1639 1 2
1640 2 3
1641 1 1
1642 1 2
1643 1 1
1644 2 2
1645 2 2
1646 1 3
1647 1 2
1648 1 0
1649 1 1
1650 1 2
1651 2 1
1652 1 2
1653 0 1
1654 1 1
1655 0 3
1656 1 2
1657 1 2
1658 1 1
1659 1 1
1660 1 1
1661 1 3
1662 1 3
1663 1 3
1664 1 1
1665 1 3
1666 1 2
1667 0 3
1668 1 4
1669 1 2
1670 1 0
1671 1 3
1672 0 1
1673 1 3
1674 1 2
1675 1 1
1676 1 3
1677 1 1
1678 1 2
1679 1 2
1680 1 1
1681 0 1
1682 1 3
1683 2 2
1684 1 2
1685 1 3
1686 1 1
1687 1 2
1688 1 2
1689 2 1
1690 2 2
1691 2 1
1692 1 1
1693 1 0
1694 1 3
1695 1 1
1696 1 0
1697 2 2
1698 1 1
1699 2 2
1700 1 3
1701 1 2
1702 1 2
1703 1 3
1704 1 0
1705 2 2
1706 1 3
1707 1 2
1708 1 1
1709 1 2
1710 2 2
1711 1 3
1712 1 2
1713 1 2
1714 1 2
1715 1 1
1716 1 3
1717 1 2
1718 1 4
1719 1 2
1720 1 1
1721 1 2
1722 1 2
1723 1 3
1724 1 2
1725 1 1
1726 1 3
1727 1 1
1728 1 1
1729 1 2
1730 0 1
1731 1 2
1732 1 2
1733 2 1
1734 2 3
1735 1 2
1736 1 1
1737 1 2
1738 1 2
1739 1 2
1740 1 1
1741 1 2
1742 1 1
1743 1 1
1744 1 3
1745 1 0
1746 1 2
1747 1 2
1748 1 1
1749 1 2
1750 1 1
1751 2 3
1752 1 1
1753 1 1
1754 1 2
1755 1 2
1756 2 2
1757 2 2
1758 1 2
1759 1 2
1760 1 2
1761 1 1
1762 1 2
1763 2 3
1764 1 2
1765 1 1
1766 2 1
1767 1 1
1768 2 1
1769 1 2
1770 1 2
1771 2 2
1772 1 3
1773 1 1
1774 2 3
1775 0 2
1776 1 2
1777 2 2
1778 1 1
1779 1 3
1780 2 2
1781 2 1
1782 0 2
1783 1 2
1784 1 1
1785 1 1
1786 1 2
1787 1 3
1788 1 2
1789 2 3
1790 2 3
1791 1 1
1792 2 1
1793 1 2
1794 0 2
1795 2 1
1796 1 2
1797 1 3
1798 1 3
1799 1 1
1800 1 2
1801 2 2
1802 2 0
1803 1 3
1804 1 2
1805 1 2
1806 1 2
1807 2 2
1808 1 3
1809 0 2
1810 0 0
1811 2 2
1812 1 3
1813 1 2
1814 1 3
1815 2 1
1816 2 3
1817 2 1
1818 0 1
1819 2 3
1820 1 1
1821 1 2
1822 2 1
1823 2 1
1824 1 1
1825 1 2
1826 1 1
1827 2 0
1828 1 1
1829 1 3
1830 2 1
1831 1 2
1832 1 2
1833 1 2
1834 1 3
1835 1 2
1836 1 2
1837 1 2
1838 2 4
1839 1 2
1840 1 2
1841 2 2
1842 2 2
1843 1 2
1844 1 1
1845 1 2
1846 2 1
1847 1 2
1848 0 2
1849 1 2
1850 0 1
1851 1 1
1852 1 2
1853 1 3
1854 1 3
1855 1 2
1856 1 2
1857 1 3
1858 1 2
1859 2 1
1860 1 4
1861 1 3
1862 1 1
1863 1 3
1864 1 3
1865 2 1
1866 1 2
1867 1 2
1868 1 3
1869 2 2
1870 1 2
1871 1 2
1872 1 0
1873 1 2
1874 1 1
1875 1 3
1876 1 3
1877 1 1
1878 1 2
1879 1 1
1880 2 0
1881 1 1
1882 1 2
1883 0 1
1884 0 3
1885 1 3
1886 1 1
1887 1 2
1888 1 2
1889 1 1
1890 2 0
1891 0 2
1892 1 1
1893 1 2
1894 1 1
1895 2 3
1896 1 3
1897 1 1
1898 1 2
1899 1 2
1900 1 2
1901 1 1
1902 1 2
1903 1 1
1904 0 2
1905 2 3
1906 2 2
1907 0 3
1908 2 3
1909 2 0
1910 1 2
1911 0 1
1912 2 3
1913 1 1
1914 1 1
1915 2 2
1916 1 1
1917 1 2
1918 2 2
1919 2 2
1920 1 1
1921 2 2
1922 1 0
1923 1 2
1924 1 2
1925 0 0
1926 1 1
1927 1 2
1928 1 3
1929 1 2
1930 1 3
1931 2 2
1932 1 3
1933 2 1
1934 1 1
1935 2 2
1936 1 1
1937 1 1
1938 1 1
1939 1 2
1940 1 3
1941 2 2
1942 1 3
1943 1 2
1944 0 2
1945 1 2
1946 2 2
1947 1 2
1948 1 2
1949 1 2
1950 1 1
1951 1 3
1952 1 1
1953 1 3
1954 1 1
1955 1 3
1956 1 1
1957 1 2
1958 1 1
1959 2 1
1960 2 2
1961 0 2
1962 1 3
1963 2 1
1964 2 2
1965 1 3
1966 1 2
1967 2 0
1968 2 1
1969 1 0
1970 1 3
1971 1 1
1972 1 3
1973 1 2
1974 1 2
1975 1 1
1976 1 1
1977 1 1
1978 1 2
1979 1 3
1980 2 1
1981 2 2
1982 2 1
1983 1 1
1984 1 1
1985 0 2
1986 1 2
1987 1 3
1988 1 3
1989 1 2
1990 1 2
1991 1 2
1992 2 3
1993 1 2
1994 2 2
1995 1 1
1996 1 2
1997 3 2
1998 1 1
1999 2 2
2000 1 4
2001 1 2
2002 1 3
2003 1 2
2004 1 2
2005 1 3
2006 1 2
2007 1 2
2008 1 3
2009 2 3
2010 1 1
2011 1 0
2012 1 1
2013 1 1
2014 1 2
2015 1 2
2016 0 2
2017 1 3
2018 1 0
2019 0 2
2020 1 0
2021 1 1
2022 1 1
2023 2 2
2024 1 3
2025 1 1
2026 2 3
2027 1 3
2028 1 2
2029 2 3
2030 1 2
2031 2 3
2032 1 2
2033 1 2
2034 2 2
2035 1 1
2036 1 1
2037 1 3
2038 1 2
2039 1 3
2040 1 1
2041 2 2
2042 1 2
2043 2 2
2044 2 2
2045 1 3
2046 2 0
2047 2 3
2048 1 2
2049 1 2
2050 2 0
2051 1 1
2052 1 2
2053 1 2
2054 1 2
2055 0 1
2056 1 2
2057 1 3
2058 1 0
2059 1 2
2060 0 2
2061 1 1
2062 1 2
2063 1 2
2064 1 2
2065 1 1
2066 0 1
2067 0 1
2068 1 0
2069 1 2
2070 1 2
2071 1 1
2072 1 2
2073 1 2
2074 1 2
2075 1 2
2076 2 2
2077 2 2
2078 1 3
2079 1 2
2080 1 1
2081 2 4
2082 1 3
2083 1 2
2084 1 1
2085 1 0
2086 1 2
2087 0 2
2088 2 2
2089 1 2
2090 1 1
2091 1 2
2092 2 1
2093 1 2
2094 2 0
2095 1 1
2096 1 3
2097 1 2
2098 2 1
2099 1 2
2100 1 1
2101 1 1
2102 1 2
2103 1 2
2104 1 1
2105 2 2
2106 1 3
2107 1 3
2108 2 1
2109 1 1
2110 1 1
2111 2 2
2112 2 3
2113 1 3
2114 1 2
2115 1 1
2116 2 2
2117 1 2
2118 1 2
2119 1 2
2120 1 1
2121 1 0
2122 0 4
2123 1 3
2124 2 4
2125 1 3
2126 1 2
2127 1 3
2128 1 2
2129 1 1
2130 2 1
2131 1 2
2132 1 2
2133 2 3
2134 1 3
2135 1 2
2136 0 1
2137 2 1
2138 0 1
2139 1 1
2140 1 2
2141 1 1
2142 2 1
2143 1 2
2144 1 1
2145 1 3
2146 1 1
2147 1 2
2148 1 2
2149 1 2
2150 1 3
2151 1 2
2152 1 2
2153 1 3
2154 1 1
2155 1 1
2156 1 2
2157 2 1
2158 1 2
2159 2 2
2160 1 3
2161 1 1
2162 2 1
2163 1 2
2164 1 1
2165 1 2
2166 1 2
2167 2 2
2168 1 2
2169 1 2
2170 0 2
2171 1 1
2172 1 2
2173 1 3
2174 1 1
2175 1 3
2176 2 2
2177 0 2
2178 0 2
2179 1 1
2180 1 2
2181 1 1
2182 1 2
2183 1 2
2184 2 1
2185 1 2
2186 2 2
2187 1 0
2188 1 2
2189 1 2
2190 1 1
2191 1 1
2192 1 2
2193 1 1
2194 2 3
2195 1 3
2196 1 3
2197 1 2
2198 2 1
2199 2 2
2200 1 1
2201 2 2
2202 1 2
2203 1 2
2204 1 3
2205 1 2
2206 1 1
2207 1 2
2208 1 1
2209 2 1
2210 1 1
2211 1 0
2212 1 3
2213 1 1
2214 1 3
2215 1 1
2216 1 2
2217 1 2
2218 1 1
2219 1 3
2220 2 3
2221 2 2
2222 2 3
2223 2 2
2224 1 3
2225 2 1
2226 2 0
2227 1 1
2228 2 1
2229 2 2
2230 1 2
2231 1 0
2232 1 1
2233 1 2
2234 1 2
2235 1 0
2236 2 1
2237 1 2
2238 0 2
2239 1 1
2240 1 3
2241 0 1
2242 1 3
2243 1 2
2244 2 1
2245 1 2
2246 2 1
2247 1 3
2248 2 1
2249 1 2
2250 1 2
2251 1 1
2252 2 1
2253 1 1
2254 1 0
2255 1 1
2256 1 1
2257 1 3
2258 1 1
2259 1 1
2260 1 1
2261 1 2
2262 1 2
2263 1 2
2264 1 2
2265 2 3
2266 1 2
2267 1 3
2268 1 2
2269 1 2
2270 1 2
2271 1 2
2272 1 2
2273 1 2
2274 1 3
2275 1 1
2276 1 2
2277 1 1
2278 1 1
2279 1 0
2280 1 2
2281 1 3
2282 2 1
2283 2 2
2284 1 2
2285 1 2
2286 1 1
2287 1 2
2288 2 1
2289 2 1
2290 2 2
2291 1 2
2292 1 3
2293 1 0
2294 2 2
2295 1 3
2296 1 2
2297 2 2
2298 1 1
2299 1 2
2300 0 1
2301 1 1
2302 0 1
2303 1 1
2304 1 2
2305 1 3
2306 1 2
2307 2 2
2308 1 2
2309 1 2
2310 1 1
2311 1 0
2312 1 2
2313 1 3
2314 1 2
2315 1 2
2316 2 1
2317 2 1
2318 1 2
2319 1 2
2320 1 2
2321 1 2
2322 2 1
2323 2 1
2324 1 1
2325 1 1
2326 1 2
2327 2 2
2328 1 2
2329 1 1
2330 1 2
2331 1 2
2332 1 2
2333 2 0
2334 1 2
2335 2 1
2336 1 1
2337 1 2
2338 2 2
2339 2 3
2340 1 2
2341 1 1
2342 2 2
2343 1 2
2344 0 2
2345 1 3
2346 1 2
2347 1 3
2348 1 2
2349 2 1
2350 1 1
2351 1 0
2352 1 1
2353 1 2
2354 1 3
2355 1 2
2356 1 2
2357 1 3
2358 2 1
2359 1 2
2360 1 1
2361 1 2
2362 2 1
2363 2 2
2364 0 1
2365 1 2
2366 0 3
2367 0 3
2368 1 1
2369 1 2
2370 1 2
2371 2 2
2372 1 2
2373 1 2
2374 1 2
2375 2 1
2376 1 2
2377 1 2
2378 1 3
2379 1 3
2380 1 2
2381 2 1
2382 1 0
2383 0 0
2384 1 1
2385 1 1
2386 1 2
2387 1 2
2388 1 2
2389 1 2
2390 0 2
2391 1 3
2392 2 2
2393 1 3
2394 1 2
2395 2 2
2396 1 3
2397 1 1
2398 1 2
2399 1 1
2400 1 2
2401 1 3
2402 1 1
2403 1 3
2404 2 2
2405 1 3
2406 2 1
2407 1 2
2408 1 3
2409 1 3
2410 1 3
2411 1 1
2412 1 2
2413 1 2
2414 1 3
2415 2 1
2416 1 2
2417 1 1
2418 2 2
2419 2 2
2420 1 1
2421 1 2
2422 1 4
2423 1 3
2424 1 1
2425 1 3
2426 2 2
2427 1 1
2428 1 3
2429 1 1
2430 1 1
2431 1 3
2432 1 1
2433 1 1
2434 0 2
2435 1 2
2436 1 2
2437 1 2
2438 1 3
2439 1 1
2440 1 2
2441 1 1
2442 1 2
2443 1 1
2444 1 3
2445 0 3
2446 2 2
2447 1 1
2448 0 2
2449 1 2
2450 1 2
2451 0 2
2452 1 2
2453 1 2
2454 1 1
2455 0 3
2456 1 0
2457 1 1
2458 1 2
2459 1 1
2460 1 1
2461 2 1
2462 0 2
2463 1 1
2464 1 1
2465 1 1
2466 1 1
2467 2 2
2468 1 2
2469 1 1
2470 1 2
2471 1 0
2472 1 1
2473 1 0
2474 1 1
2475 1 3
2476 2 2
2477 1 2
2478 2 3
2479 1 0
2480 1 3
2481 1 3
2482 2 2
2483 1 2
2484 1 2
2485 2 1
2486 0 2
2487 0 2
2488 0 2
2489 1 3
2490 1 2
2491 1 2
2492 1 1
2493 2 2
2494 1 2
2495 1 2
2496 2 2
2497 1 2
2498 1 2
2499 1 1
2500 1 2
2501 0 2
2502 2 2
2503 1 3
2504 1 2
2505 2 2
2506 2 2
2507 2 2
2508 1 1
2509 1 1
2510 1 2
2511 1 2
2512 1 3
2513 1 1
2514 1 1
2515 1 2
2516 2 2
2517 0 1
2518 2 3
2519 2 2
2520 1 2
2521 1 1
2522 2 2
2523 1 1
2524 1 2
2525 2 1
2526 1 1
2527 1 3
2528 2 1
2529 1 2
2530 0 1
2531 2 1
2532 1 2
2533 1 2
2534 1 0
2535 1 3
2536 1 3
2537 1 2
2538 1 4
2539 1 2
2540 2 2
2541 1 2
2542 1 1
2543 1 2
2544 1 0
2545 1 1
2546 1 2
2547 1 3
2548 1 1
2549 1 3
2550 1 1
2551 1 1
2552 2 1
2553 1 2
2554 1 2
2555 1 1
2556 1 2
2557 1 0
2558 0 2
2559 1 0
2560 2 2
2561 1 2
2562 1 2
2563 1 2
2564 1 2
2565 1 1
2566 1 2
2567 1 2
2568 1 1
2569 2 1
2570 1 3
2571 1 2
2572 1 2
2573 1 2
2574 1 2
2575 1 2
2576 0 1
2577 1 2
2578 1 1
2579 1 2
2580 1 1
2581 1 3
2582 1 3
2583 2 3
2584 1 2
2585 1 1
2586 0 0
2587 1 2
2588 1 2
2589 0 2
2590 0 2
2591 1 1
2592 2 0
2593 1 3
2594 2 1
2595 1 3
2596 1 0
2597 1 3
2598 1 2
2599 1 1
2600 1 3
2601 1 2
2602 1 1
2603 1 1
2604 1 3
2605 1 3
2606 1 2
2607 1 2
2608 2 3
2609 1 2
2610 2 1
2611 1 2
2612 2 2
2613 1 1
2614 1 3
2615 2 1
2616 2 1
2617 0 2
2618 1 2
2619 1 1
2620 1 2
2621 1 1
2622 1 1
2623 1 2
2624 2 1
2625 1 3
2626 1 1
2627 0 1
2628 1 2
2629 0 1
2630 2 0
2631 1 3
2632 1 0
2633 1 3
2634 2 2
2635 1 2
2636 1 1
2637 1 2
2638 2 1
2639 1 2
2640 1 1
2641 1 1
2642 1 2
2643 1 3
2644 1 1
2645 1 2
2646 1 2
2647 1 1
2648 2 2
2649 2 2
2650 2 1
2651 1 1
2652 1 2
2653 1 1
2654 1 1
2655 1 2
2656 1 0
2657 1 3
2658 1 2
2659 1 3
2660 1 2
2661 2 2
2662 1 1
2663 0 2
2664 1 3
2665 2 0
2666 2 2
2667 1 2
2668 1 0
2669 1 2
2670 1 2
2671 1 1
2672 1 1
2673 1 0
2674 1 3
2675 1 3
2676 1 1
2677 1 1
2678 2 3
2679 3 2
2680 1 2
2681 1 2
2682 1 2
2683 1 1
2684 1 2
2685 1 2
2686 1 2
2687 1 1
2688 1 1
2689 1 2
2690 2 2
2691 1 2
2692 1 1
2693 2 2
2694 1 2
2695 2 1
2696 1 2
2697 1 2
2698 1 1
2699 0 1
2700 1 2
2701 2 1
2702 1 0
2703 1 1
2704 1 2
2705 1 2
2706 2 2
2707 1 2
2708 1 2
2709 1 3
2710 1 3
2711 1 2
2712 1 1
2713 1 3
2714 1 2
2715 1 2
2716 0 2
2717 1 1
2718 2 3
2719 1 3
2720 1 2
2721 1 2
2722 1 0
2723 2 4
2724 2 3
2725 1 2
2726 1 1
2727 1 1
2728 1 2
2729 1 3
2730 1 3
2731 1 2
2732 1 3
2733 1 1
2734 1 2
2735 1 1
2736 1 2
2737 1 1
2738 1 1
2739 1 1
2740 2 2
2741 1 2
2742 1 0
2743 1 2
2744 2 3
2745 1 2
2746 1 2
2747 1 3
2748 1 3
2749 1 1
2750 1 3
2751 1 2
2752 1 0
2753 1 2
2754 1 2
2755 1 1
2756 1 2
2757 2 0
2758 1 1
2759 0 2
2760 1 3
2761 1 1
2762 2 1
2763 1 3
2764 1 2
2765 1 2
2766 1 0
2767 2 1
2768 1 2
2769 1 2
2770 1 2
2771 0 2
2772 1 2
2773 1 3
2774 1 1
2775 1 2
2776 0 2
2777 1 1
2778 1 2
2779 2 2
2780 1 2
2781 1 3
2782 1 1
2783 1 4
2784 1 2
2785 1 1
2786 2 2
2787 1 1
2788 1 2
2789 1 0
2790 1 3
2791 2 3
2792 1 1
2793 1 2
2794 1 3
2795 1 2
2796 1 3
2797 1 3
2798 1 2
2799 1 2
2800 2 2
2801 1 3
2802 1 2
2803 1 2
2804 2 1
2805 1 3
2806 2 2
2807 1 2
2808 1 2
2809 1 2
2810 1 2
2811 1 2
2812 1 1
2813 1 1
2814 1 2
2815 2 3
2816 1 2
2817 1 2
2818 1 2
2819 1 3
2820 1 1
2821 2 1
2822 1 2
2823 1 1
2824 2 2
2825 1 1
2826 1 2
2827 1 3
2828 1 3
2829 2 1
2830 2 3
2831 1 1
2832 2 1
2833 1 3
2834 2 2
2835 1 2
2836 2 1
2837 1 3
2838 1 2
2839 1 2
2840 2 2
2841 0 2
2842 1 2
2843 1 2
2844 2 3
2845 1 2
2846 1 4
2847 2 1
2848 2 1
2849 1 1
2850 1 1
2851 1 1
2852 1 2
2853 1 3
2854 1 3
2855 1 2
2856 0 2
2857 0 2
2858 1 2
2859 1 1
2860 2 2
2861 1 3
2862 1 3
2863 1 4
2864 1 0
2865 2 2
2866 1 1
2867 1 3
2868 1 2
2869 1 1
2870 1 3
2871 1 2
2872 1 2
2873 1 3
2874 1 3
2875 1 2
2876 2 1
2877 1 2
2878 1 2
2879 2 1
2880 1 3
2881 1 3
2882 1 3
2883 1 2
2884 1 2
2885 1 1
2886 1 1
2887 1 2
2888 1 3
2889 1 1
2890 1 2
2891 1 1
2892 1 3
2893 1 2
2894 1 2
2895 1 2
2896 1 2
2897 1 3
2898 1 2
2899 1 2
2900 0 1
2901 1 2
2902 2 1
2903 1 2
2904 1 2
2905 1 2
2906 2 2
2907 1 2
2908 0 3
2909 1 1
2910 2 2
2911 1 0
2912 1 1
2913 1 2
2914 1 2
2915 2 2
2916 2 1
2917 1 2
2918 1 1
2919 1 1
2920 1 0
2921 0 0
2922 1 2
2923 2 3
2924 1 1
2925 1 2
2926 1 1
2927 1 4
2928 1 2
2929 2 2
2930 2 3
2931 2 2
2932 1 3
2933 2 2
2934 1 2
2935 1 1
2936 0 0
2937 1 2
2938 1 2
2939 1 1
2940 1 1
2941 1 3
2942 1 2
2943 1 2
2944 1 1
2945 2 1
2946 1 0
2947 1 1
2948 1 2
2949 1 2
2950 1 2
2951 2 3
2952 1 3
2953 0 1
2954 1 2
2955 2 2
2956 1 3
2957 1 3
2958 1 3
2959 2 1
2960 1 2
2961 1 3
2962 1 2
2963 1 2
2964 1 1
2965 1 0
2966 1 2
2967 1 2
2968 2 1
2969 1 2
2970 2 1
2971 2 1
2972 1 3
2973 1 1
2974 2 0
2975 1 1
2976 1 2
2977 1 2
2978 1 2
2979 1 2
2980 1 2
2981 1 1
2982 1 2
2983 2 2
2984 0 3
2985 1 1
2986 1 3
2987 1 2
2988 0 0
2989 1 3
2990 2 2
2991 1 1
2992 1 2
2993 1 2
2994 2 2
2995 1 1
2996 1 2
2997 2 2
2998 2 2
2999 1 2
3000 1 3
3001 1 1
3002 1 2
3003 1 1
3004 2 1
3005 1 3
3006 1 2
3007 1 2
3008 1 0
3009 2 1
3010 1 2
3011 1 2
3012 0 1
3013 1 2
3014 1 2
3015 2 0
3016 1 1
3017 1 2
3018 0 1
3019 1 1
3020 1 1
3021 1 2
3022 1 2
3023 1 1
3024 1 3
3025 2 2
3026 1 0
3027 1 1
3028 1 2
3029 1 3
3030 1 2
3031 2 1
3032 2 2
3033 1 3
3034 1 2
3035 2 0
3036 1 1
3037 2 2
3038 1 1
3039 1 1
3040 1 2
3041 1 2
3042 2 0
3043 1 1
3044 1 3
3045 1 1
3046 1 1
3047 1 1
3048 0 2
3049 1 3
3050 1 1
3051 1 1
3052 0 3
3053 1 3
3054 1 0
3055 0 2
3056 1 2
3057 2 2
3058 0 1
3059 1 1
3060 1 2
3061 0 3
3062 2 1
3063 1 2
3064 1 3
3065 1 1
3066 1 2
3067 2 2
3068 1 2
3069 1 1
3070 2 1
3071 1 2
3072 1 2
3073 2 3
3074 1 2
3075 1 0
3076 1 3
3077 2 3
3078 1 1
3079 1 2
3080 2 2
3081 2 2
3082 1 2
3083 0 1
3084 1 3
3085 0 2
3086 2 1
3087 1 2
3088 2 0
3089 1 2
3090 1 2
3091 2 2
3092 1 1
3093 1 1
3094 1 2
3095 2 2
3096 1 1
3097 1 1
3169 1 4
3099 1 1
3100 1 3
3101 1 2
3102 2 1
3103 0 3
3104 1 1
3105 2 1
3106 1 2
3107 1 2
3108 2 1
3109 1 3
